


Matrix no: 0

0.577	0.393	-0.716	4.94	
0.711	-0.674	0.203	11.4	
-0.402	-0.626	-0.668	-1.58	
0	0	0	1	



Matrix no: 1

0.561	0.337	-0.756	4.32	
0.695	-0.688	0.209	11.4	
-0.449	-0.643	-0.621	-1.82	
0	0	0	1	



Matrix no: 2

0.47	0.176	-0.865	2.24	
0.65	-0.732	0.205	11.3	
-0.597	-0.659	-0.459	-2.3	
0	0	0	1	



Matrix no: 3

0.265	-0.0332	-0.964	-0.796	
0.554	-0.813	0.18	10.9	
-0.789	-0.581	-0.197	-2.2	
0	0	0	1	



Matrix no: 4

-0.0806	-0.149	-0.986	-4.02	
0.389	-0.915	0.107	9.98	
-0.918	-0.375	0.132	-0.747	
0	0	0	1	



Matrix no: 5

-0.474	-0.0613	-0.878	-6.04	
0.138	-0.99	-0.0056	8.69	
-0.869	-0.124	0.478	2	
0	0	0	1	



Matrix no: 6

-0.76	0.178	-0.625	-6.1	
-0.139	-0.984	-0.11	7.61	
-0.634	0.00297	0.773	4.95	
0	0	0	1	



Matrix no: 7

-0.877	0.388	-0.284	-4.74	
-0.356	-0.921	-0.159	7.19	
-0.323	-0.0384	0.946	6.89	
0	0	0	1	



Matrix no: 8

-0.871	0.489	0.0409	-3.05	
-0.488	-0.856	-0.17	7.24	
-0.0484	-0.169	0.985	7.53	
0	0	0	1	



Matrix no: 9

-0.826	0.502	0.256	-1.96	
-0.548	-0.822	-0.154	7.43	
0.134	-0.267	0.954	7.47	
0	0	0	1	



Matrix no: 10

-0.806	0.496	0.323	-1.6	
-0.561	-0.814	-0.151	7.5	
0.188	-0.303	0.934	7.34	
0	0	0	1	
